{
  "advancedEditorSelectedIdentifier" : "ProjectBrowser",
  "openSceneRelativePaths" : [
    "Scene.usda"
  ],
  "recentIdentifiers" : {
    "90C576A0-F90A-43B8-9998-14918A66F863" : [

    ]
  },
  "sceneCameraHistory" : {
    "90C576A0-F90A-43B8-9998-14918A66F863" : [
      {
        "date" : 763526264.387383,
        "title" : "Untitled",
        "transform" : [
          0.89607596,
          8.116832e-09,
          -0.44390088,
          0,
          0.02573126,
          0.9983185,
          0.05194221,
          0,
          0.44315454,
          -0.05796632,
          0.89456916,
          0,
          0.099208616,
          -0.057155784,
          0.28553495,
          1
        ]
      },
      {
        "date" : 763526193.049393,
        "title" : "Untitled",
        "transform" : [
          0.89607596,
          8.116832e-09,
          -0.44390088,
          0,
          0.02573126,
          0.9983185,
          0.05194221,
          0,
          0.44315454,
          -0.05796632,
          0.89456916,
          0,
          0.057124488,
          -0.0329104,
          0.16441154,
          1
        ]
      },
      {
        "date" : 763526172.792631,
        "title" : "Untitled",
        "transform" : [
          -0.072280936,
          7.930657e-09,
          -0.99738437,
          0,
          0.10374518,
          0.99457544,
          -0.0075184386,
          0,
          0.991974,
          -0.10401729,
          -0.071888916,
          0,
          0.3346903,
          -0.0035816063,
          0.019571926,
          1
        ]
      },
      {
        "date" : 763515195.974088,
        "title" : "Untitled",
        "transform" : [
          0.8825023,
          1.0330492e-08,
          -0.47030815,
          0,
          -0.11547616,
          0.9693882,
          -0.21668336,
          0,
          0.45591125,
          0.24553294,
          0.85548735,
          0,
          0.1087351,
          0.111327745,
          0.29697856,
          1
        ]
      },
      {
        "date" : 763515194.640731,
        "title" : "Untitled",
        "transform" : [
          0.883427,
          8.919747e-09,
          -0.46856886,
          0,
          -0.1150491,
          0.9693882,
          -0.21691042,
          0,
          0.45422518,
          0.24553296,
          0.85638374,
          0,
          0.10815431,
          0.11132776,
          0.2971906,
          1
        ]
      },
      {
        "date" : 763515181.542751,
        "title" : "Untitled",
        "transform" : [
          0.9374986,
          1.0142024e-08,
          -0.347989,
          0,
          0.015143417,
          0.99905264,
          0.04079712,
          0,
          0.3476594,
          -0.043517005,
          0.9366105,
          0,
          0.08150824,
          0.014466433,
          0.34428838,
          1
        ]
      },
      {
        "date" : 763515177.875854,
        "title" : "Untitled",
        "transform" : [
          -0.3216429,
          5.257224e-09,
          -0.946861,
          0,
          -0.057303347,
          0.99816704,
          0.01946562,
          0,
          0.94512546,
          0.060519286,
          -0.32105345,
          0,
          0.34073228,
          0.050566815,
          -0.06743158,
          1
        ]
      },
      {
        "date" : 763515172.844415,
        "title" : "Untitled",
        "transform" : [
          -0.3468153,
          3.6466754e-09,
          -0.93793344,
          0,
          0.04852576,
          0.99866074,
          -0.017943118,
          0,
          0.93667734,
          -0.051736888,
          -0.3463509,
          0,
          0.34313798,
          0.011595616,
          -0.0781073,
          1
        ]
      },
      {
        "date" : 763514920.280089,
        "title" : "Untitled",
        "transform" : [
          -0.3468153,
          3.6466754e-09,
          -0.93793344,
          0,
          0.04852576,
          0.99866074,
          -0.017943118,
          0,
          0.93667734,
          -0.051736888,
          -0.3463509,
          0,
          0.6884423,
          0.03390698,
          -0.1591481,
          1
        ]
      },
      {
        "date" : 763514778.18898,
        "title" : "Untitled",
        "transform" : [
          0.20785165,
          3.430503e-09,
          -0.9781603,
          0,
          0.013463475,
          0.9999053,
          0.0028609135,
          0,
          0.97806776,
          -0.013764086,
          0.20783195,
          0,
          0.6652447,
          0.06050743,
          0.23284955,
          1
        ]
      }
    ]
  },
  "sceneViewportBackgroundColors" : {

  }
}